B_PARAMS

 Triangles 28829
 Tetrahedra 0

 ResMat 14
  IP-:IP-_RLC_XYZ_J_J7_DCFlowSink_pos    8.515865769190e-004    0.000000000000e+000    0.000000000000e+000    0.000000000000e+000    0.000000000000e+000    0.000000000000e+000    0.000000000000e+000    0.000000000000e+000    0.000000000000e+000    0.000000000000e+000    0.000000000000e+000    0.000000000000e+000    0.000000000000e+000    0.000000000000e+000
  GND:11.1V_RLC_XYZ_J_J6_DCFlowVRM_pos    0.000000000000e+000    2.894931352300e-002    5.230197102986e-004    2.892976842666e-002    1.424029810773e-002    4.181911626911e-004    8.013662878708e-004    4.093226758463e-004    8.263068367842e-004    4.352026275724e-004    0.000000000000e+000    0.000000000000e+000    0.000000000000e+000    0.000000000000e+000
  GND:11.1V_RLC_XYZ_J_J6_DCFlowVRM_neg    0.000000000000e+000    5.230197102986e-004    9.078077314304e-004    5.230197102985e-004    5.230197103004e-004    4.115795511275e-004    5.166434423063e-004    4.039242772804e-004    5.466050101496e-004    4.345428084730e-004    0.000000000000e+000    0.000000000000e+000    0.000000000000e+000    0.000000000000e+000
  GND:11.1V_RLC_XYZ_U_U2_DCFlowSink_pos    0.000000000000e+000    2.892976842666e-002    5.230197102985e-004    2.973699910015e-002    1.424029810773e-002    4.181911626910e-004    8.013662878707e-004    4.093226758463e-004    8.263068367841e-004    4.352026275723e-004    0.000000000000e+000    0.000000000000e+000    0.000000000000e+000    0.000000000000e+000
  GND:11.1V_RLC_XYZ_U_U5_DCFlowSink_pos    0.000000000000e+000    1.424029810773e-002    5.230197103004e-004    1.424029810773e-002    1.541566902525e-002    4.181911626925e-004    8.013662878735e-004    4.093226758477e-004    8.263068367870e-004    4.352026275739e-004    0.000000000000e+000    0.000000000000e+000    0.000000000000e+000    0.000000000000e+000
  GND:3.3V_RLC_XYZ_U_U3_DCFlowSink_neg    0.000000000000e+000    4.181911626911e-004    4.115795511275e-004    4.181911626910e-004    4.181911626925e-004    2.038045763769e-003    4.150513072997e-004    7.340307414466e-004    4.168082452768e-004    5.254692234221e-004    0.000000000000e+000    0.000000000000e+000    0.000000000000e+000    0.000000000000e+000
  GND:3.3V_RLC_XYZ_U_U7_DCFlowVRM_neg    0.000000000000e+000    8.013662878708e-004    5.166434423063e-004    8.013662878707e-004    8.013662878735e-004    4.150513072997e-004    1.659387398317e-003    4.068485884654e-004    7.037299395347e-004    4.312969465415e-004    0.000000000000e+000    0.000000000000e+000    0.000000000000e+000    0.000000000000e+000
  GND:3.3V_RLC_XYZ_U_U8_DCFlowSink_neg    0.000000000000e+000    4.093226758463e-004    4.039242772804e-004    4.093226758463e-004    4.093226758477e-004    7.340307414466e-004    4.068485884654e-004    4.677929310599e-003    4.081308392914e-004    5.009091471238e-004    0.000000000000e+000    0.000000000000e+000    0.000000000000e+000    0.000000000000e+000
  GND:5V_RLC_XYZ_U_U5_DCFlowVRM_neg    0.000000000000e+000    8.263068367842e-004    5.466050101496e-004    8.263068367841e-004    8.263068367870e-004    4.168082452768e-004    7.037299395347e-004    4.081308392914e-004    1.691286773992e-003    4.356273843483e-004    0.000000000000e+000    0.000000000000e+000    0.000000000000e+000    0.000000000000e+000
  GND:IP-_RLC_XYZ_J_J7_DCFlowSink_neg    0.000000000000e+000    4.352026275724e-004    4.345428084730e-004    4.352026275723e-004    4.352026275739e-004    5.254692234221e-004    4.312969465415e-004    5.009091471238e-004    4.356273843483e-004    8.835118871905e-004    0.000000000000e+000    0.000000000000e+000    0.000000000000e+000    0.000000000000e+000
  5V:5V_RLC_XYZ_U_U2_DCFlowSink_pos    0.000000000000e+000    0.000000000000e+000    0.000000000000e+000    0.000000000000e+000    0.000000000000e+000    0.000000000000e+000    0.000000000000e+000    0.000000000000e+000    0.000000000000e+000    0.000000000000e+000    1.804894100115e-002    1.686417551744e-003    0.000000000000e+000    0.000000000000e+000
  5V:5V_RLC_XYZ_U_U5_DCFlowVRM_pos    0.000000000000e+000    0.000000000000e+000    0.000000000000e+000    0.000000000000e+000    0.000000000000e+000    0.000000000000e+000    0.000000000000e+000    0.000000000000e+000    0.000000000000e+000    0.000000000000e+000    1.686417551744e-003    2.341582933684e-002    0.000000000000e+000    0.000000000000e+000
  3.3V:3.3V_RLC_XYZ_U_U3_DCFlowSink_pos    0.000000000000e+000    0.000000000000e+000    0.000000000000e+000    0.000000000000e+000    0.000000000000e+000    0.000000000000e+000    0.000000000000e+000    0.000000000000e+000    0.000000000000e+000    0.000000000000e+000    0.000000000000e+000    0.000000000000e+000    5.380883198845e-002    1.518975491773e-002
  3.3V:3.3V_RLC_XYZ_U_U7_DCFlowVRM_pos    0.000000000000e+000    0.000000000000e+000    0.000000000000e+000    0.000000000000e+000    0.000000000000e+000    0.000000000000e+000    0.000000000000e+000    0.000000000000e+000    0.000000000000e+000    0.000000000000e+000    0.000000000000e+000    0.000000000000e+000    1.518975491773e-002    1.544365997352e-002
 EndResMat

 Sinks 4
  IP-:IP-_RLC_XYZ_U_U2_DCFlowVRM_pos
  GND:IP-_RLC_XYZ_U_U2_DCFlowVRM_neg
  5V:5V_RLC_XYZ_U_U7_DCFlowSink_pos
  3.3V:3.3V_RLC_XYZ_U_U8_DCFlowSink_pos
 EndSinks

E_PARAMS
