B_PARAMS

 Triangles 26656
 Tetrahedra 0

 ResMat 13
  GND:11.1V_RLC_XYZ_J_J6_DCFlowVRM_pos    2.938758998435e-002    5.048946551807e-004    2.936803378587e-002    1.467431035984e-002    3.187029207813e-004    9.052581330009e-004    3.342197242056e-004    4.217639004439e-004    7.507907383432e-004    0.000000000000e+000    0.000000000000e+000    0.000000000000e+000    0.000000000000e+000
  GND:11.1V_RLC_XYZ_J_J6_DCFlowVRM_neg    5.048946551807e-004    8.990795463501e-004    5.048946551806e-004    5.048946551819e-004    3.093791385911e-004    5.070020835243e-004    3.254690165980e-004    4.216311419854e-004    5.445269731101e-004    0.000000000000e+000    0.000000000000e+000    0.000000000000e+000    0.000000000000e+000
  GND:11.1V_RLC_XYZ_U_U2_DCFlowSink_pos    2.936803378587e-002    5.048946551806e-004    3.017854689759e-002    1.467431035984e-002    3.187029207813e-004    9.052581330008e-004    3.342197242056e-004    4.217639004439e-004    7.507907383431e-004    0.000000000000e+000    0.000000000000e+000    0.000000000000e+000    0.000000000000e+000
  GND:11.1V_RLC_XYZ_U_U5_DCFlowSink_pos    1.467431035984e-002    5.048946551819e-004    1.467431035984e-002    1.584968070442e-002    3.187029207821e-004    9.052581330032e-004    3.342197242065e-004    4.217639004450e-004    7.507907383451e-004    0.000000000000e+000    0.000000000000e+000    0.000000000000e+000    0.000000000000e+000
  GND:3.3V_RLC_XYZ_U_U3_DCFlowSink_neg    3.187029207813e-004    3.093791385911e-004    3.187029207813e-004    3.187029207821e-004    1.834293073101e-003    3.211875136268e-004    6.126050137410e-004    3.402894046028e-004    3.161111341031e-004    0.000000000000e+000    0.000000000000e+000    0.000000000000e+000    0.000000000000e+000
  GND:3.3V_RLC_XYZ_U_U7_DCFlowVRM_neg    9.052581330009e-004    5.070020835243e-004    9.052581330008e-004    9.052581330032e-004    3.211875136268e-004    1.768043631591e-003    3.380541061837e-004    4.277886685703e-004    6.857817762557e-004    0.000000000000e+000    0.000000000000e+000    0.000000000000e+000    0.000000000000e+000
  GND:3.3V_RLC_XYZ_U_U8_DCFlowSink_neg    3.342197242056e-004    3.254690165980e-004    3.342197242056e-004    3.342197242065e-004    6.126050137410e-004    3.380541061837e-004    4.577224780626e-003    3.650738364514e-004    3.320048144350e-004    0.000000000000e+000    0.000000000000e+000    0.000000000000e+000    0.000000000000e+000
  GND:5V_RLC_XYZ_U_U2_DCFlowSink_neg    4.217639004439e-004    4.216311419854e-004    4.217639004439e-004    4.217639004450e-004    3.402894046028e-004    4.277886685703e-004    3.650738364514e-004    8.450321383836e-004    4.224011895488e-004    0.000000000000e+000    0.000000000000e+000    0.000000000000e+000    0.000000000000e+000
  GND:5V_RLC_XYZ_U_U5_DCFlowVRM_neg    7.507907383432e-004    5.445269731101e-004    7.507907383431e-004    7.507907383451e-004    3.161111341031e-004    6.857817762557e-004    3.320048144350e-004    4.224011895488e-004    1.889977321797e-003    0.000000000000e+000    0.000000000000e+000    0.000000000000e+000    0.000000000000e+000
  5V:5V_RLC_XYZ_U_U2_DCFlowSink_pos    0.000000000000e+000    0.000000000000e+000    0.000000000000e+000    0.000000000000e+000    0.000000000000e+000    0.000000000000e+000    0.000000000000e+000    0.000000000000e+000    0.000000000000e+000    1.808836240979e-002    1.686293111120e-003    0.000000000000e+000    0.000000000000e+000
  5V:5V_RLC_XYZ_U_U5_DCFlowVRM_pos    0.000000000000e+000    0.000000000000e+000    0.000000000000e+000    0.000000000000e+000    0.000000000000e+000    0.000000000000e+000    0.000000000000e+000    0.000000000000e+000    0.000000000000e+000    1.686293111120e-003    2.341577906846e-002    0.000000000000e+000    0.000000000000e+000
  3.3V:3.3V_RLC_XYZ_U_U3_DCFlowSink_pos    0.000000000000e+000    0.000000000000e+000    0.000000000000e+000    0.000000000000e+000    0.000000000000e+000    0.000000000000e+000    0.000000000000e+000    0.000000000000e+000    0.000000000000e+000    0.000000000000e+000    0.000000000000e+000    5.380884585926e-002    1.518975492124e-002
  3.3V:3.3V_RLC_XYZ_U_U7_DCFlowVRM_pos    0.000000000000e+000    0.000000000000e+000    0.000000000000e+000    0.000000000000e+000    0.000000000000e+000    0.000000000000e+000    0.000000000000e+000    0.000000000000e+000    0.000000000000e+000    0.000000000000e+000    0.000000000000e+000    1.518975492124e-002    1.544366019606e-002
 EndResMat

 Sinks 4
  IP-:IP-_RLC_XYZ_J_J7_DCFlowSink_pos
  GND:IP-_RLC_XYZ_J_J7_DCFlowSink_neg
  5V:5V_RLC_XYZ_U_U7_DCFlowSink_pos
  3.3V:3.3V_RLC_XYZ_U_U8_DCFlowSink_pos
 EndSinks

E_PARAMS
