B_PARAMS

 Triangles 26677
 Tetrahedra 0

 ResMat 14
  IP-:IP-_RLC_XYZ_J_J7_DCFlowSink_pos    8.495205859883e-004    0.000000000000e+000    0.000000000000e+000    0.000000000000e+000    0.000000000000e+000    0.000000000000e+000    0.000000000000e+000    0.000000000000e+000    0.000000000000e+000    0.000000000000e+000    0.000000000000e+000    0.000000000000e+000    0.000000000000e+000    0.000000000000e+000
  GND:11.1V_RLC_XYZ_J_J6_DCFlowVRM_pos    0.000000000000e+000    2.939282044432e-002    5.098811893980e-004    2.937326809201e-002    1.467956180248e-002    4.074009572110e-004    9.047550583885e-004    3.989391770758e-004    7.553962855483e-004    4.270434329917e-004    0.000000000000e+000    0.000000000000e+000    0.000000000000e+000    0.000000000000e+000
  GND:11.1V_RLC_XYZ_J_J6_DCFlowVRM_neg    0.000000000000e+000    5.098811893980e-004    9.033856986719e-004    5.098811893979e-004    5.098811893992e-004    3.974612574934e-004    5.062262426476e-004    3.894345099855e-004    5.487557341222e-004    4.260912878757e-004    0.000000000000e+000    0.000000000000e+000    0.000000000000e+000    0.000000000000e+000
  GND:11.1V_RLC_XYZ_U_U2_DCFlowSink_pos    0.000000000000e+000    2.937326809201e-002    5.098811893979e-004    3.018340690615e-002    1.467956180248e-002    4.074009572110e-004    9.047550583885e-004    3.989391770758e-004    7.553962855483e-004    4.270434329917e-004    0.000000000000e+000    0.000000000000e+000    0.000000000000e+000    0.000000000000e+000
  GND:11.1V_RLC_XYZ_U_U5_DCFlowSink_pos    0.000000000000e+000    1.467956180248e-002    5.098811893992e-004    1.467956180248e-002    1.585493214706e-002    4.074009572121e-004    9.047550583908e-004    3.989391770768e-004    7.553962855502e-004    4.270434329928e-004    0.000000000000e+000    0.000000000000e+000    0.000000000000e+000    0.000000000000e+000
  GND:3.3V_RLC_XYZ_U_U3_DCFlowSink_neg    0.000000000000e+000    4.074009572110e-004    3.974612574934e-004    4.074009572110e-004    4.074009572121e-004    2.081823468181e-003    4.041856625294e-004    7.530993302947e-004    4.040548184904e-004    5.103704429871e-004    0.000000000000e+000    0.000000000000e+000    0.000000000000e+000    0.000000000000e+000
  GND:3.3V_RLC_XYZ_U_U7_DCFlowVRM_neg    0.000000000000e+000    9.047550583885e-004    5.062262426476e-004    9.047550583885e-004    9.047550583908e-004    4.041856625294e-004    1.761704013624e-003    3.970806908677e-004    6.846505576628e-004    4.212037304088e-004    0.000000000000e+000    0.000000000000e+000    0.000000000000e+000    0.000000000000e+000
  GND:3.3V_RLC_XYZ_U_U8_DCFlowSink_neg    0.000000000000e+000    3.989391770758e-004    3.894345099855e-004    3.989391770758e-004    3.989391770768e-004    7.530993302947e-004    3.970806908677e-004    4.695373578536e-003    3.959231741668e-004    4.859275386384e-004    0.000000000000e+000    0.000000000000e+000    0.000000000000e+000    0.000000000000e+000
  GND:5V_RLC_XYZ_U_U5_DCFlowVRM_neg    0.000000000000e+000    7.553962855483e-004    5.487557341222e-004    7.553962855483e-004    7.553962855502e-004    4.040548184904e-004    6.846505576628e-004    3.959231741668e-004    1.893404064982e-003    4.262158143277e-004    0.000000000000e+000    0.000000000000e+000    0.000000000000e+000    0.000000000000e+000
  GND:IP-_RLC_XYZ_J_J7_DCFlowSink_neg    0.000000000000e+000    4.270434329917e-004    4.260912878757e-004    4.270434329917e-004    4.270434329928e-004    5.103704429871e-004    4.212037304088e-004    4.859275386384e-004    4.262158143277e-004    8.700134603163e-004    0.000000000000e+000    0.000000000000e+000    0.000000000000e+000    0.000000000000e+000
  5V:5V_RLC_XYZ_U_U2_DCFlowSink_pos    0.000000000000e+000    0.000000000000e+000    0.000000000000e+000    0.000000000000e+000    0.000000000000e+000    0.000000000000e+000    0.000000000000e+000    0.000000000000e+000    0.000000000000e+000    0.000000000000e+000    1.808836240980e-002    1.686293111120e-003    0.000000000000e+000    0.000000000000e+000
  5V:5V_RLC_XYZ_U_U5_DCFlowVRM_pos    0.000000000000e+000    0.000000000000e+000    0.000000000000e+000    0.000000000000e+000    0.000000000000e+000    0.000000000000e+000    0.000000000000e+000    0.000000000000e+000    0.000000000000e+000    0.000000000000e+000    1.686293111120e-003    2.341615893194e-002    0.000000000000e+000    0.000000000000e+000
  3.3V:3.3V_RLC_XYZ_U_U3_DCFlowSink_pos    0.000000000000e+000    0.000000000000e+000    0.000000000000e+000    0.000000000000e+000    0.000000000000e+000    0.000000000000e+000    0.000000000000e+000    0.000000000000e+000    0.000000000000e+000    0.000000000000e+000    0.000000000000e+000    0.000000000000e+000    5.380884585920e-002    1.518975492121e-002
  3.3V:3.3V_RLC_XYZ_U_U7_DCFlowVRM_pos    0.000000000000e+000    0.000000000000e+000    0.000000000000e+000    0.000000000000e+000    0.000000000000e+000    0.000000000000e+000    0.000000000000e+000    0.000000000000e+000    0.000000000000e+000    0.000000000000e+000    0.000000000000e+000    0.000000000000e+000    1.518975492121e-002    1.544366019604e-002
 EndResMat

 Sinks 4
  IP-:IP-_RLC_XYZ_U_U2_DCFlowVRM_pos
  GND:IP-_RLC_XYZ_U_U2_DCFlowVRM_neg
  5V:5V_RLC_XYZ_U_U7_DCFlowSink_pos
  3.3V:3.3V_RLC_XYZ_U_U8_DCFlowSink_pos
 EndSinks

E_PARAMS
