B_PARAMS

 Triangles 28029
 Tetrahedra 0

 ResMat 13
  11.1V:11.1V_RLC_XYZ_J_J6_DCFlowVRM_pos    7.864282308130e-003    7.853243501958e-003    0.000000000000e+000    0.000000000000e+000    0.000000000000e+000    0.000000000000e+000    0.000000000000e+000    0.000000000000e+000    0.000000000000e+000    0.000000000000e+000    0.000000000000e+000    0.000000000000e+000    0.000000000000e+000
  11.1V:11.1V_RLC_XYZ_U_U2_DCFlowSink_pos    7.853243501958e-003    8.322649725553e-003    0.000000000000e+000    0.000000000000e+000    0.000000000000e+000    0.000000000000e+000    0.000000000000e+000    0.000000000000e+000    0.000000000000e+000    0.000000000000e+000    0.000000000000e+000    0.000000000000e+000    0.000000000000e+000
  IP-:IP-_RLC_XYZ_J_J7_DCFlowSink_pos    0.000000000000e+000    0.000000000000e+000    5.709885889683e-004    0.000000000000e+000    0.000000000000e+000    0.000000000000e+000    0.000000000000e+000    0.000000000000e+000    0.000000000000e+000    0.000000000000e+000    0.000000000000e+000    0.000000000000e+000    0.000000000000e+000
  GND:11.1V_RLC_XYZ_J_J6_DCFlowVRM_neg    0.000000000000e+000    0.000000000000e+000    0.000000000000e+000    4.339914776861e-004    1.677409047082e-004    2.753047465628e-004    1.611829736037e-004    2.967400975378e-004    1.864525953952e-004    0.000000000000e+000    0.000000000000e+000    0.000000000000e+000    0.000000000000e+000
  GND:3.3V_RLC_XYZ_U_U3_DCFlowSink_neg    0.000000000000e+000    0.000000000000e+000    0.000000000000e+000    1.677409047082e-004    1.128113485159e-003    1.728405018777e-004    4.623303342026e-004    1.699670557446e-004    2.699228336670e-004    0.000000000000e+000    0.000000000000e+000    0.000000000000e+000    0.000000000000e+000
  GND:3.3V_RLC_XYZ_U_U7_DCFlowVRM_neg    0.000000000000e+000    0.000000000000e+000    0.000000000000e+000    2.753047465628e-004    1.728405018777e-004    1.108463584738e-003    1.657386403442e-004    4.097564517143e-004    1.870883080471e-004    0.000000000000e+000    0.000000000000e+000    0.000000000000e+000    0.000000000000e+000
  GND:3.3V_RLC_XYZ_U_U8_DCFlowSink_neg    0.000000000000e+000    0.000000000000e+000    0.000000000000e+000    1.611829736037e-004    4.623303342026e-004    1.657386403442e-004    4.057105185296e-003    1.631202306974e-004    2.486066242443e-004    0.000000000000e+000    0.000000000000e+000    0.000000000000e+000    0.000000000000e+000
  GND:5V_RLC_XYZ_U_U5_DCFlowVRM_neg    0.000000000000e+000    0.000000000000e+000    0.000000000000e+000    2.967400975378e-004    1.699670557446e-004    4.097564517143e-004    1.631202306974e-004    7.105266434279e-004    1.853991110798e-004    0.000000000000e+000    0.000000000000e+000    0.000000000000e+000    0.000000000000e+000
  GND:IP-_RLC_XYZ_J_J7_DCFlowSink_neg    0.000000000000e+000    0.000000000000e+000    0.000000000000e+000    1.864525953952e-004    2.699228336670e-004    1.870883080471e-004    2.486066242443e-004    1.853991110798e-004    4.401548667607e-004    0.000000000000e+000    0.000000000000e+000    0.000000000000e+000    0.000000000000e+000
  5V:5V_RLC_XYZ_U_U2_DCFlowSink_pos    0.000000000000e+000    0.000000000000e+000    0.000000000000e+000    0.000000000000e+000    0.000000000000e+000    0.000000000000e+000    0.000000000000e+000    0.000000000000e+000    0.000000000000e+000    1.809124394594e-002    1.686293125907e-003    0.000000000000e+000    0.000000000000e+000
  5V:5V_RLC_XYZ_U_U5_DCFlowVRM_pos    0.000000000000e+000    0.000000000000e+000    0.000000000000e+000    0.000000000000e+000    0.000000000000e+000    0.000000000000e+000    0.000000000000e+000    0.000000000000e+000    0.000000000000e+000    1.686293125907e-003    2.345827669692e-002    0.000000000000e+000    0.000000000000e+000
  3.3V:3.3V_RLC_XYZ_U_U3_DCFlowSink_pos    0.000000000000e+000    0.000000000000e+000    0.000000000000e+000    0.000000000000e+000    0.000000000000e+000    0.000000000000e+000    0.000000000000e+000    0.000000000000e+000    0.000000000000e+000    0.000000000000e+000    0.000000000000e+000    5.397195389725e-002    1.526121062205e-002
  3.3V:3.3V_RLC_XYZ_U_U7_DCFlowVRM_pos    0.000000000000e+000    0.000000000000e+000    0.000000000000e+000    0.000000000000e+000    0.000000000000e+000    0.000000000000e+000    0.000000000000e+000    0.000000000000e+000    0.000000000000e+000    0.000000000000e+000    0.000000000000e+000    1.526121062205e-002    1.554483672067e-002
 EndResMat

 Sinks 5
  11.1V:11.1V_RLC_XYZ_U_U5_DCFlowSink_pos
  IP-:IP-_RLC_XYZ_U_U2_DCFlowVRM_pos
  GND:IP-_RLC_XYZ_U_U2_DCFlowVRM_neg
  5V:5V_RLC_XYZ_U_U7_DCFlowSink_pos
  3.3V:3.3V_RLC_XYZ_U_U8_DCFlowSink_pos
 EndSinks

E_PARAMS
