B_PARAMS

 Triangles 34640
 Tetrahedra 0

 ResMat 14
  IP-:IP-_RLC_XYZ_J_J7_DCFlowSink_pos    8.441634220948e-004    0.000000000000e+000    0.000000000000e+000    0.000000000000e+000    0.000000000000e+000    0.000000000000e+000    0.000000000000e+000    0.000000000000e+000    0.000000000000e+000    0.000000000000e+000    0.000000000000e+000    0.000000000000e+000    0.000000000000e+000    0.000000000000e+000
  GND:11.1V_RLC_XYZ_J_J6_DCFlowVRM_pos    0.000000000000e+000    2.900497445194e-002    5.333037267234e-004    2.898553430629e-002    1.429624988683e-002    4.201723913561e-004    8.267135620391e-004    4.110712188964e-004    8.574383383714e-004    4.370370734469e-004    0.000000000000e+000    0.000000000000e+000    0.000000000000e+000    0.000000000000e+000
  GND:11.1V_RLC_XYZ_J_J6_DCFlowVRM_neg    0.000000000000e+000    5.333037267234e-004    9.374642672282e-004    5.333037267233e-004    5.333037267248e-004    4.133330967386e-004    5.253706618959e-004    4.055086973240e-004    5.590014272660e-004    4.366326064403e-004    0.000000000000e+000    0.000000000000e+000    0.000000000000e+000    0.000000000000e+000
  GND:11.1V_RLC_XYZ_U_U2_DCFlowSink_pos    0.000000000000e+000    2.898553430629e-002    5.333037267233e-004    2.978823115132e-002    1.429624988683e-002    4.201723913560e-004    8.267135620391e-004    4.110712188963e-004    8.574383383713e-004    4.370370734469e-004    0.000000000000e+000    0.000000000000e+000    0.000000000000e+000    0.000000000000e+000
  GND:11.1V_RLC_XYZ_U_U5_DCFlowSink_pos    0.000000000000e+000    1.429624988683e-002    5.333037267248e-004    1.429624988683e-002    1.547162023192e-002    4.201723913572e-004    8.267135620414e-004    4.110712188975e-004    8.574383383737e-004    4.370370734481e-004    0.000000000000e+000    0.000000000000e+000    0.000000000000e+000    0.000000000000e+000
  GND:3.3V_RLC_XYZ_U_U3_DCFlowSink_neg    0.000000000000e+000    4.201723913561e-004    4.133330967386e-004    4.201723913560e-004    4.201723913572e-004    2.038809613893e-003    4.165084303258e-004    7.346740991567e-004    4.183358116526e-004    5.261966891765e-004    0.000000000000e+000    0.000000000000e+000    0.000000000000e+000    0.000000000000e+000
  GND:3.3V_RLC_XYZ_U_U7_DCFlowVRM_neg    0.000000000000e+000    8.267135620391e-004    5.253706618959e-004    8.267135620391e-004    8.267135620414e-004    4.165084303258e-004    1.684795425836e-003    4.081407024641e-004    7.278412101181e-004    4.326099088944e-004    0.000000000000e+000    0.000000000000e+000    0.000000000000e+000    0.000000000000e+000
  GND:3.3V_RLC_XYZ_U_U8_DCFlowSink_neg    0.000000000000e+000    4.110712188964e-004    4.055086973240e-004    4.110712188963e-004    4.110712188975e-004    7.346740991567e-004    4.081407024641e-004    4.678383536100e-003    4.095013455821e-004    5.015982878526e-004    0.000000000000e+000    0.000000000000e+000    0.000000000000e+000    0.000000000000e+000
  GND:5V_RLC_XYZ_U_U5_DCFlowVRM_neg    0.000000000000e+000    8.574383383714e-004    5.590014272660e-004    8.574383383713e-004    8.574383383737e-004    4.183358116526e-004    7.278412101181e-004    4.095013455821e-004    1.671597752130e-003    4.366660426534e-004    0.000000000000e+000    0.000000000000e+000    0.000000000000e+000    0.000000000000e+000
  GND:IP-_RLC_XYZ_J_J7_DCFlowSink_neg    0.000000000000e+000    4.370370734469e-004    4.366326064403e-004    4.370370734469e-004    4.370370734481e-004    5.261966891765e-004    4.326099088944e-004    5.015982878526e-004    4.366660426534e-004    8.849535415501e-004    0.000000000000e+000    0.000000000000e+000    0.000000000000e+000    0.000000000000e+000
  5V:5V_RLC_XYZ_U_U2_DCFlowSink_pos    0.000000000000e+000    0.000000000000e+000    0.000000000000e+000    0.000000000000e+000    0.000000000000e+000    0.000000000000e+000    0.000000000000e+000    0.000000000000e+000    0.000000000000e+000    0.000000000000e+000    1.804678114482e-002    1.686293111120e-003    0.000000000000e+000    0.000000000000e+000
  5V:5V_RLC_XYZ_U_U5_DCFlowVRM_pos    0.000000000000e+000    0.000000000000e+000    0.000000000000e+000    0.000000000000e+000    0.000000000000e+000    0.000000000000e+000    0.000000000000e+000    0.000000000000e+000    0.000000000000e+000    0.000000000000e+000    1.686293111120e-003    2.341577550466e-002    0.000000000000e+000    0.000000000000e+000
  3.3V:3.3V_RLC_XYZ_U_U3_DCFlowSink_pos    0.000000000000e+000    0.000000000000e+000    0.000000000000e+000    0.000000000000e+000    0.000000000000e+000    0.000000000000e+000    0.000000000000e+000    0.000000000000e+000    0.000000000000e+000    0.000000000000e+000    0.000000000000e+000    0.000000000000e+000    5.380884585920e-002    1.518975491773e-002
  3.3V:3.3V_RLC_XYZ_U_U7_DCFlowVRM_pos    0.000000000000e+000    0.000000000000e+000    0.000000000000e+000    0.000000000000e+000    0.000000000000e+000    0.000000000000e+000    0.000000000000e+000    0.000000000000e+000    0.000000000000e+000    0.000000000000e+000    0.000000000000e+000    0.000000000000e+000    1.518975491773e-002    1.544365997352e-002
 EndResMat

 Sinks 4
  IP-:IP-_RLC_XYZ_U_U2_DCFlowVRM_pos
  GND:IP-_RLC_XYZ_U_U2_DCFlowVRM_neg
  5V:5V_RLC_XYZ_U_U7_DCFlowSink_pos
  3.3V:3.3V_RLC_XYZ_U_U8_DCFlowSink_pos
 EndSinks

E_PARAMS
