B_PARAMS

 Triangles 30846
 Tetrahedra 0

 ResMat 14
  IP-:IP-_RLC_XYZ_J_J7_DCFlowSink_pos    8.465763189613e-004    0.000000000000e+000    0.000000000000e+000    0.000000000000e+000    0.000000000000e+000    0.000000000000e+000    0.000000000000e+000    0.000000000000e+000    0.000000000000e+000    0.000000000000e+000    0.000000000000e+000    0.000000000000e+000    0.000000000000e+000    0.000000000000e+000
  GND:11.1V_RLC_XYZ_J_J6_DCFlowVRM_pos    0.000000000000e+000    2.900069099492e-002    5.258236583304e-004    2.898128358001e-002    1.428644867774e-002    4.180716737954e-004    8.180025645862e-004    4.091117463723e-004    8.474655185005e-004    4.347912525121e-004    0.000000000000e+000    0.000000000000e+000    0.000000000000e+000    0.000000000000e+000
  GND:11.1V_RLC_XYZ_J_J6_DCFlowVRM_neg    0.000000000000e+000    5.258236583304e-004    9.098604102824e-004    5.258236583304e-004    5.258236583313e-004    4.104949099379e-004    5.186433615045e-004    4.027286073723e-004    5.499306130408e-004    4.337367453535e-004    0.000000000000e+000    0.000000000000e+000    0.000000000000e+000    0.000000000000e+000
  GND:11.1V_RLC_XYZ_U_U2_DCFlowSink_pos    0.000000000000e+000    2.898128358001e-002    5.258236583304e-004    2.978870506102e-002    1.428644867774e-002    4.180716737954e-004    8.180025645862e-004    4.091117463723e-004    8.474655185005e-004    4.347912525121e-004    0.000000000000e+000    0.000000000000e+000    0.000000000000e+000    0.000000000000e+000
  GND:11.1V_RLC_XYZ_U_U5_DCFlowSink_pos    0.000000000000e+000    1.428644867774e-002    5.258236583313e-004    1.428644867774e-002    1.546181902456e-002    4.180716737961e-004    8.180025645876e-004    4.091117463730e-004    8.474655185019e-004    4.347912525128e-004    0.000000000000e+000    0.000000000000e+000    0.000000000000e+000    0.000000000000e+000
  GND:3.3V_RLC_XYZ_U_U3_DCFlowSink_neg    0.000000000000e+000    4.180716737954e-004    4.104949099379e-004    4.180716737954e-004    4.180716737961e-004    2.036782568492e-003    4.149114152515e-004    7.327805899321e-004    4.161090913699e-004    5.238304545711e-004    0.000000000000e+000    0.000000000000e+000    0.000000000000e+000    0.000000000000e+000
  GND:3.3V_RLC_XYZ_U_U7_DCFlowVRM_neg    0.000000000000e+000    8.180025645862e-004    5.186433615045e-004    8.180025645862e-004    8.180025645876e-004    4.149114152515e-004    1.677748209676e-003    4.067690960834e-004    7.188925216738e-004    4.306226396053e-004    0.000000000000e+000    0.000000000000e+000    0.000000000000e+000    0.000000000000e+000
  GND:3.3V_RLC_XYZ_U_U8_DCFlowSink_neg    0.000000000000e+000    4.091117463723e-004    4.027286073723e-004    4.091117463723e-004    4.091117463730e-004    7.327805899321e-004    4.067690960834e-004    4.676664025110e-003    4.073899009955e-004    4.992433446694e-004    0.000000000000e+000    0.000000000000e+000    0.000000000000e+000    0.000000000000e+000
  GND:5V_RLC_XYZ_U_U5_DCFlowVRM_neg    0.000000000000e+000    8.474655185005e-004    5.499306130408e-004    8.474655185005e-004    8.474655185019e-004    4.161090913699e-004    7.188925216738e-004    4.073899009955e-004    1.659706584287e-003    4.343562317662e-004    0.000000000000e+000    0.000000000000e+000    0.000000000000e+000    0.000000000000e+000
  GND:IP-_RLC_XYZ_J_J7_DCFlowSink_neg    0.000000000000e+000    4.347912525121e-004    4.337367453535e-004    4.347912525121e-004    4.347912525128e-004    5.238304545711e-004    4.306226396053e-004    4.992433446694e-004    4.343562317662e-004    8.808885228451e-004    0.000000000000e+000    0.000000000000e+000    0.000000000000e+000    0.000000000000e+000
  5V:5V_RLC_XYZ_U_U2_DCFlowSink_pos    0.000000000000e+000    0.000000000000e+000    0.000000000000e+000    0.000000000000e+000    0.000000000000e+000    0.000000000000e+000    0.000000000000e+000    0.000000000000e+000    0.000000000000e+000    0.000000000000e+000    1.804678114481e-002    1.686293111119e-003    0.000000000000e+000    0.000000000000e+000
  5V:5V_RLC_XYZ_U_U5_DCFlowVRM_pos    0.000000000000e+000    0.000000000000e+000    0.000000000000e+000    0.000000000000e+000    0.000000000000e+000    0.000000000000e+000    0.000000000000e+000    0.000000000000e+000    0.000000000000e+000    0.000000000000e+000    1.686293111119e-003    2.341577550466e-002    0.000000000000e+000    0.000000000000e+000
  3.3V:3.3V_RLC_XYZ_U_U3_DCFlowSink_pos    0.000000000000e+000    0.000000000000e+000    0.000000000000e+000    0.000000000000e+000    0.000000000000e+000    0.000000000000e+000    0.000000000000e+000    0.000000000000e+000    0.000000000000e+000    0.000000000000e+000    0.000000000000e+000    0.000000000000e+000    5.373808276590e-002    1.511900569518e-002
  3.3V:3.3V_RLC_XYZ_U_U7_DCFlowVRM_pos    0.000000000000e+000    0.000000000000e+000    0.000000000000e+000    0.000000000000e+000    0.000000000000e+000    0.000000000000e+000    0.000000000000e+000    0.000000000000e+000    0.000000000000e+000    0.000000000000e+000    0.000000000000e+000    0.000000000000e+000    1.511900569518e-002    1.537291075097e-002
 EndResMat

 Sinks 4
  IP-:IP-_RLC_XYZ_U_U2_DCFlowVRM_pos
  GND:IP-_RLC_XYZ_U_U2_DCFlowVRM_neg
  5V:5V_RLC_XYZ_U_U7_DCFlowSink_pos
  3.3V:3.3V_RLC_XYZ_U_U8_DCFlowSink_pos
 EndSinks

E_PARAMS
