B_PARAMS

 Triangles 26152
 Tetrahedra 0

 ResMat 13
  GND:11.1V_RLC_XYZ_J_J6_DCFlowVRM_neg    4.363492214044e-004    1.679049723934e-004    2.753724080945e-004    1.611482997655e-004    2.960037431348e-004    1.872360165051e-004    0.000000000000e+000    0.000000000000e+000    0.000000000000e+000    0.000000000000e+000    0.000000000000e+000    0.000000000000e+000    0.000000000000e+000
  GND:3.3V_RLC_XYZ_U_U3_DCFlowSink_neg    1.679049723934e-004    1.130885115150e-003    1.732335494426e-004    4.636919750210e-004    1.704750797166e-004    2.706204436030e-004    0.000000000000e+000    0.000000000000e+000    0.000000000000e+000    0.000000000000e+000    0.000000000000e+000    0.000000000000e+000    0.000000000000e+000
  GND:3.3V_RLC_XYZ_U_U7_DCFlowVRM_neg    2.753724080945e-004    1.732335494426e-004    1.112377531463e-003    1.658616737899e-004    4.141966835623e-004    1.872943598170e-004    0.000000000000e+000    0.000000000000e+000    0.000000000000e+000    0.000000000000e+000    0.000000000000e+000    0.000000000000e+000    0.000000000000e+000
  GND:3.3V_RLC_XYZ_U_U8_DCFlowSink_neg    1.611482997655e-004    4.636919750210e-004    1.658616737899e-004    4.184313030418e-003    1.633516029750e-004    2.491050459004e-004    0.000000000000e+000    0.000000000000e+000    0.000000000000e+000    0.000000000000e+000    0.000000000000e+000    0.000000000000e+000    0.000000000000e+000
  GND:5V_RLC_XYZ_U_U5_DCFlowVRM_neg    2.960037431348e-004    1.704750797166e-004    4.141966835623e-004    1.633516029750e-004    7.149194418312e-004    1.860306563490e-004    0.000000000000e+000    0.000000000000e+000    0.000000000000e+000    0.000000000000e+000    0.000000000000e+000    0.000000000000e+000    0.000000000000e+000
  GND:IP-_RLC_XYZ_J_J7_DCFlowSink_neg    1.872360165051e-004    2.706204436030e-004    1.872943598170e-004    2.491050459004e-004    1.860306563490e-004    4.461781710016e-004    0.000000000000e+000    0.000000000000e+000    0.000000000000e+000    0.000000000000e+000    0.000000000000e+000    0.000000000000e+000    0.000000000000e+000
  11.1V:11.1V_RLC_XYZ_J_J6_DCFlowVRM_pos    0.000000000000e+000    0.000000000000e+000    0.000000000000e+000    0.000000000000e+000    0.000000000000e+000    0.000000000000e+000    7.868631764972e-003    7.858040345161e-003    0.000000000000e+000    0.000000000000e+000    0.000000000000e+000    0.000000000000e+000    0.000000000000e+000
  11.1V:11.1V_RLC_XYZ_U_U2_DCFlowSink_pos    0.000000000000e+000    0.000000000000e+000    0.000000000000e+000    0.000000000000e+000    0.000000000000e+000    0.000000000000e+000    7.858040345161e-003    8.321813172663e-003    0.000000000000e+000    0.000000000000e+000    0.000000000000e+000    0.000000000000e+000    0.000000000000e+000
  IP-:IP-_RLC_XYZ_J_J7_DCFlowSink_pos    0.000000000000e+000    0.000000000000e+000    0.000000000000e+000    0.000000000000e+000    0.000000000000e+000    0.000000000000e+000    0.000000000000e+000    0.000000000000e+000    5.710332075930e-004    0.000000000000e+000    0.000000000000e+000    0.000000000000e+000    0.000000000000e+000
  5V:5V_RLC_XYZ_U_U2_DCFlowSink_pos    0.000000000000e+000    0.000000000000e+000    0.000000000000e+000    0.000000000000e+000    0.000000000000e+000    0.000000000000e+000    0.000000000000e+000    0.000000000000e+000    0.000000000000e+000    1.809251082401e-002    1.686417559549e-003    0.000000000000e+000    0.000000000000e+000
  5V:5V_RLC_XYZ_U_U5_DCFlowVRM_pos    0.000000000000e+000    0.000000000000e+000    0.000000000000e+000    0.000000000000e+000    0.000000000000e+000    0.000000000000e+000    0.000000000000e+000    0.000000000000e+000    0.000000000000e+000    1.686417559549e-003    2.345871039257e-002    0.000000000000e+000    0.000000000000e+000
  3.3V:3.3V_RLC_XYZ_U_U3_DCFlowSink_pos    0.000000000000e+000    0.000000000000e+000    0.000000000000e+000    0.000000000000e+000    0.000000000000e+000    0.000000000000e+000    0.000000000000e+000    0.000000000000e+000    0.000000000000e+000    0.000000000000e+000    0.000000000000e+000    5.400916974316e-002    1.527089286994e-002
  3.3V:3.3V_RLC_XYZ_U_U7_DCFlowVRM_pos    0.000000000000e+000    0.000000000000e+000    0.000000000000e+000    0.000000000000e+000    0.000000000000e+000    0.000000000000e+000    0.000000000000e+000    0.000000000000e+000    0.000000000000e+000    0.000000000000e+000    0.000000000000e+000    1.527089286994e-002    1.554933091598e-002
 EndResMat

 Sinks 5
  GND:IP-_RLC_XYZ_U_U2_DCFlowVRM_neg
  11.1V:11.1V_RLC_XYZ_U_U5_DCFlowSink_pos
  IP-:IP-_RLC_XYZ_U_U2_DCFlowVRM_pos
  5V:5V_RLC_XYZ_U_U7_DCFlowSink_pos
  3.3V:3.3V_RLC_XYZ_U_U8_DCFlowSink_pos
 EndSinks

E_PARAMS
